390 
444 954 
365 411 565 
166 205 400 578 
382 627 876 877 992 
86 221 350 359 743 748 
147 208 256 264 553 703 722 
106 335 341 361 376 694 777 966 
84 231 379 504 524 552 791 879 899 
163 273 421 554 563 673 806 814 922 985 
27 196 325 395 412 636 665 713 720 897 939 
167 179 223 457 604 672 703 705 733 759 846 959 
220 274 276 298 384 393 415 554 698 770 777 796 918 
21 41 87 164 232 290 339 449 487 511 514 524 627 959 
11 158 259 313 317 326 359 382 448 507 539 690 731 772 974 
219 262 295 355 355 404 466 559 643 693 839 860 873 931 961 978 
2 18 34 95 203 220 483 485 533 566 625 696 697 759 851 901 962 
3 9 24 24 37 55 69 86 115 192 301 335 355 377 656 674 816 870 
28 117 294 317 374 464 482 538 595 596 644 656 668 681 708 806 840 901 905 
15 25 58 102 102 168 195 222 261 330 445 584 632 637 691 704 732 779 922 977 
38 50 55 184 189 221 272 343 369 372 373 476 481 527 545 588 822 829 838 861 955 
27 39 102 192 241 263 269 287 484 495 504 579 670 737 760 793 821 840 876 877 938 996 
28 81 173 184 220 269 288 321 391 413 424 453 461 494 539 579 584 613 731 738 790 851 856 
129 191 251 266 298 323 380 396 401 416 525 544 577 588 599 620 795 882 886 905 924 924 928 959 
72 77 96 125 151 241 255 395 449 536 566 591 647 654 711 730 734 797 819 828 835 914 923 939 985 
24 113 154 170 181 204 269 335 342 375 397 403 460 470 528 538 559 573 722 732 794 811 831 934 935 943 
37 71 80 129 174 178 190 211 222 327 420 470 539 649 714 736 761 773 818 822 849 889 894 907 948 954 996 
36 72 89 101 165 188 209 313 433 457 458 544 555 590 593 600 601 601 620 690 699 717 781 879 899 907 976 995 
25 27 63 85 121 132 148 202 217 259 299 325 391 395 411 425 514 523 644 671 770 822 850 853 864 885 969 998 999 
49 94 135 159 164 171 225 250 254 423 425 441 469 529 581 613 624 630 664 733 770 786 791 796 829 881 884 961 991 993 
55 65 81 90 177 230 273 331 341 369 401 418 491 513 518 579 584 664 693 697 705 792 817 827 840 843 859 889 919 950 972 
20 44 58 69 209 249 267 308 329 330 342 359 361 375 391 416 431 448 451 473 557 569 585 602 609 637 716 859 867 873 887 910 
96 108 170 200 213 233 247 277 302 319 326 335 377 386 395 482 611 622 624 655 670 694 701 712 744 821 850 859 861 870 951 989 996 
29 32 50 97 103 177 197 215 261 288 351 361 368 392 446 469 556 562 612 624 625 660 695 700 725 758 765 796 827 864 880 906 980 994 
32 38 77 125 153 162 203 220 236 260 341 401 402 510 543 555 651 663 683 685 686 688 695 702 704 719 740 745 775 800 821 840 896 906 936 
60 115 120 131 143 157 176 212 272 274 282 300 315 333 335 354 368 403 409 486 524 554 588 628 654 703 745 761 786 820 851 874 879 939 979 987 
7 8 10 14 52 72 85 166 243 257 260 263 309 327 380 401 437 441 459 465 536 537 591 603 634 666 720 722 728 744 745 807 855 883 946 966 975 
21 29 37 61 103 115 141 148 174 179 250 250 277 310 356 399 414 421 426 456 468 520 537 571 579 583 619 622 686 691 739 847 892 898 962 964 970 977 
52 81 90 91 127 129 155 165 212 216 216 223 252 307 309 340 397 425 436 453 471 502 535 562 571 572 573 586 597 610 629 695 697 829 854 901 904 917 987 
31 35 43 57 76 91 118 128 161 173 192 194 196 217 235 240 244 277 295 296 353 382 392 400 423 442 521 523 583 671 679 701 734 739 739 802 860 863 912 963 
4 27 57 124 134 139 142 144 150 184 200 236 238 259 263 381 391 394 417 437 462 469 484 494 514 525 531 559 642 654 717 735 784 807 861 861 874 950 954 967 995 
13 55 140 145 155 183 192 195 205 282 316 329 331 337 360 396 440 475 482 492 494 517 528 561 573 578 598 644 690 717 765 786 801 840 851 866 889 918 927 929 935 991 
10 23 40 43 49 51 84 93 129 164 171 175 213 323 344 362 379 484 488 494 567 585 667 672 677 680 682 715 816 822 828 828 835 844 881 909 922 931 951 959 981 981 998 
119 128 182 185 193 245 280 293 325 343 367 392 410 411 422 451 500 524 575 599 610 618 651 668 677 687 702 753 771 773 793 794 794 843 856 858 867 880 892 896 908 924 924 996 
9 43 50 62 69 72 101 119 120 125 228 258 264 283 293 330 336 363 372 401 421 441 511 555 580 581 587 596 606 655 657 662 680 685 702 777 818 825 833 854 865 866 936 955 982 
35 37 73 79 80 105 111 142 149 175 202 277 288 309 328 335 338 357 362 400 406 432 436 461 463 502 522 581 581 582 606 614 614 624 632 816 847 853 867 880 890 943 945 968 975 983 
30 82 86 142 152 154 164 167 173 177 184 210 221 236 242 255 256 287 321 334 348 358 371 397 407 432 449 503 530 561 581 592 606 618 636 649 663 664 685 686 706 711 764 790 809 864 909 
0 12 22 32 46 54 67 74 110 129 130 133 136 173 217 228 232 249 299 303 308 333 410 426 464 484 531 538 662 672 677 684 707 745 752 753 755 757 780 798 805 844 853 873 884 908 917 992 
0 12 14 21 41 45 67 75 77 79 127 130 160 174 196 201 216 217 253 266 327 347 351 359 362 406 452 509 520 526 540 549 550 628 645 695 699 700 702 707 742 744 750 830 866 922 931 964 988 
0 48 50 60 78 78 90 114 123 193 204 233 254 274 285 358 364 383 411 417 421 437 466 469 515 517 549 579 586 592 597 645 659 683 730 741 767 780 817 829 834 854 857 870 881 902 914 945 948 980 
21 33 81 101 123 194 203 212 236 241 266 278 300 304 335 349 353 392 444 526 536 546 548 556 558 613 621 656 661 661 662 720 743 744 755 764 772 800 842 853 864 889 903 905 922 954 969 972 977 990 994 
58 61 76 82 85 108 239 271 288 289 329 334 348 369 403 408 433 433 434 437 470 476 486 492 509 526 530 530 551 559 563 566 586 603 604 617 669 678 708 711 732 761 832 837 866 867 884 887 938 955 974 998 
21 25 25 27 29 36 60 79 135 143 148 158 261 273 312 314 363 368 371 371 375 392 497 520 537 557 583 591 600 626 628 630 633 642 648 734 783 784 792 802 811 840 850 855 875 876 883 928 933 936 955 960 976 
5 7 36 42 50 72 129 159 183 185 199 236 268 293 299 307 318 323 349 353 357 363 369 398 411 433 441 441 453 516 519 531 539 557 583 613 682 712 765 785 792 805 825 833 852 867 881 883 896 899 920 925 936 993 
32 68 87 136 149 159 201 246 294 301 323 324 348 389 391 408 432 448 469 481 523 535 555 561 608 625 628 648 658 663 675 722 723 736 743 744 761 773 806 807 823 826 844 858 871 874 895 940 946 960 961 962 976 977 979 
3 49 70 74 81 121 161 189 190 237 255 295 321 352 353 370 388 391 420 432 472 483 499 505 510 521 538 552 592 595 596 602 610 617 634 658 694 699 700 716 730 738 749 773 797 831 853 861 869 885 885 965 970 979 983 993 
9 40 42 48 48 58 71 99 162 212 222 224 254 266 282 289 330 350 401 401 403 425 455 503 533 535 543 560 572 575 579 588 600 630 642 667 667 728 752 773 791 796 798 807 818 823 844 855 859 865 911 923 951 951 958 987 990 
7 44 62 79 101 145 147 161 165 186 196 207 216 218 224 276 295 299 309 322 326 335 374 397 401 432 447 448 475 484 500 536 538 538 542 571 576 606 631 637 646 681 742 759 770 776 790 801 810 841 850 917 941 958 962 965 965 987 
58 79 82 88 93 131 155 161 216 226 234 238 246 268 271 274 280 281 293 296 321 324 327 331 336 389 400 427 438 504 508 523 531 550 560 564 576 597 600 612 659 691 775 789 802 822 823 834 841 867 893 896 905 914 950 958 964 982 995 
2 4 19 48 52 81 120 123 124 144 148 152 166 179 205 223 235 251 257 258 270 291 320 339 354 364 412 424 441 461 489 504 524 528 534 542 583 594 620 624 631 636 647 672 690 710 732 753 760 766 806 851 854 859 901 935 960 978 987 991 
2 18 19 36 44 70 71 78 97 129 194 204 219 249 263 284 304 307 322 330 344 352 355 391 409 412 426 430 443 481 505 510 546 560 567 573 586 586 589 625 625 647 669 672 677 705 725 734 738 745 793 869 896 913 922 950 950 964 969 981 993 
10 12 14 44 51 57 86 115 123 124 149 169 183 197 215 223 239 249 257 264 267 288 318 324 325 367 368 379 381 383 433 459 461 462 493 517 540 599 608 648 653 659 685 688 699 742 758 765 769 771 859 876 893 908 912 926 927 941 949 959 969 993 
20 37 106 108 147 167 206 210 213 241 286 294 303 315 376 377 382 392 401 438 443 455 487 497 510 513 518 576 590 590 592 626 651 658 681 692 719 751 781 805 807 810 821 824 843 845 852 856 871 883 891 899 908 921 929 940 941 954 967 972 986 987 994 
94 116 121 148 149 178 190 194 200 236 244 271 276 285 296 327 330 334 345 345 378 387 407 408 450 479 494 524 542 548 552 569 589 615 624 642 685 686 687 702 740 749 752 763 764 764 796 799 807 849 851 854 867 868 869 884 904 918 921 936 944 945 950 987 
6 28 30 40 64 86 87 106 148 156 158 169 171 171 182 186 209 219 220 241 272 273 280 306 357 365 377 389 404 443 463 467 494 521 539 551 568 593 608 611 635 643 645 658 665 667 671 699 700 720 747 749 753 804 807 826 885 887 889 901 902 922 971 978 988 
2 4 12 24 26 33 75 76 112 150 154 201 221 226 253 261 273 282 289 302 303 307 312 319 339 393 401 406 423 428 459 464 512 515 522 525 527 559 631 640 644 646 651 654 664 668 704 709 767 778 802 802 806 813 814 855 868 877 895 900 932 944 949 970 976 983 
8 22 28 28 60 98 115 130 134 144 171 177 184 200 207 220 225 230 258 280 287 313 351 356 392 459 465 492 500 508 528 529 556 566 566 573 579 602 613 618 674 677 690 702 704 706 727 730 737 763 766 772 773 777 792 805 826 845 859 869 872 897 899 922 935 941 983 
2 14 24 24 26 38 45 73 108 128 157 177 187 207 209 243 256 274 319 370 375 386 387 388 396 400 407 441 491 499 500 528 537 543 547 563 597 599 617 646 663 675 677 683 692 712 720 721 728 737 744 758 773 792 805 815 838 859 875 886 900 902 924 939 944 947 972 993 
78 129 132 174 194 223 228 228 230 237 238 245 317 330 341 348 362 366 376 382 385 395 404 423 484 486 499 508 508 526 534 547 555 559 562 567 574 581 595 650 694 708 713 721 802 812 814 818 821 822 826 827 859 893 896 897 902 904 913 913 922 933 942 945 952 967 969 976 996 
10 17 22 35 70 77 85 96 127 151 154 183 221 235 241 254 263 264 269 273 290 293 295 308 317 321 325 327 369 391 391 400 405 410 424 427 433 446 492 513 517 528 541 543 544 563 580 581 583 608 616 620 631 649 757 767 773 776 819 825 844 901 921 944 959 973 981 989 993 997 
25 55 60 71 89 91 125 139 165 181 200 218 219 253 259 298 300 302 321 326 359 363 375 376 379 384 419 422 482 485 515 535 547 597 600 609 618 637 638 643 649 656 660 661 686 687 691 728 761 762 778 793 812 813 831 856 867 883 910 937 943 946 958 960 963 968 972 978 985 990 991 
0 12 18 21 55 57 64 121 129 139 142 153 157 178 197 209 237 242 259 260 269 306 306 321 333 338 341 361 381 393 394 414 435 436 449 453 489 496 505 522 561 563 592 594 615 622 633 673 686 706 714 743 745 752 785 794 818 820 832 838 839 848 857 862 866 884 891 913 920 959 968 977 
12 27 36 59 64 67 82 85 86 98 206 214 217 221 236 241 246 247 248 255 295 296 312 321 328 336 339 340 343 348 357 388 394 395 415 418 429 429 438 444 451 454 465 533 536 549 553 570 574 608 608 620 629 639 677 697 757 821 835 855 859 874 881 906 912 931 936 945 958 959 970 975 976 
7 9 26 35 47 66 66 74 80 90 102 104 106 114 122 122 126 129 146 180 194 201 204 228 246 251 268 269 282 336 351 357 362 367 372 375 387 393 403 407 451 457 461 491 516 537 550 556 593 606 649 657 676 710 720 738 743 746 776 791 792 812 863 868 877 877 883 914 925 942 960 981 992 998 
21 28 43 54 68 77 78 79 79 83 107 113 113 129 151 159 188 197 210 237 238 304 304 320 324 332 338 352 354 362 367 372 376 383 393 411 411 422 434 437 445 447 505 511 554 595 642 676 678 684 692 692 711 721 728 730 732 756 762 785 819 820 821 826 836 857 863 867 868 885 886 902 906 953 962 
2 14 22 26 51 71 93 94 95 100 140 155 171 193 214 221 284 286 289 289 300 318 330 362 393 412 414 436 453 490 515 556 570 585 594 605 614 618 660 667 670 696 711 715 745 747 753 758 762 766 773 781 808 815 815 834 844 845 859 861 865 871 875 883 915 921 929 940 955 959 970 981 982 987 991 996 
9 13 40 47 61 63 83 103 122 124 124 128 135 143 144 146 161 172 172 179 180 195 217 225 229 239 241 246 275 279 307 331 331 342 351 363 420 422 438 456 488 490 507 508 510 553 567 575 580 584 588 597 603 607 636 646 651 654 661 667 692 745 759 770 772 790 805 808 813 876 882 899 916 937 980 992 994 
5 16 54 58 60 65 69 70 75 103 105 125 134 164 170 188 194 238 246 250 257 268 282 306 321 340 345 346 372 372 394 402 418 422 427 434 441 460 466 469 483 493 519 523 529 545 558 568 581 591 602 611 633 652 665 678 722 724 744 746 746 763 780 803 808 826 828 838 902 917 921 929 953 961 963 979 985 995 
10 14 29 29 35 45 52 75 98 117 156 157 170 186 188 212 261 265 271 273 275 281 290 314 329 329 332 332 335 338 349 360 379 380 394 417 419 427 464 467 474 492 493 508 521 538 547 561 616 622 655 660 700 745 759 764 769 774 795 798 799 802 819 824 829 839 840 890 892 900 901 903 925 929 942 944 960 960 990 
9 18 45 79 115 118 163 210 219 245 249 253 263 280 312 351 356 375 387 393 395 410 420 428 429 433 446 453 455 456 484 485 511 523 524 541 544 546 552 576 588 596 616 616 635 637 637 639 648 656 659 662 678 679 690 698 699 734 734 736 745 757 788 797 802 803 804 815 826 833 865 874 874 888 889 892 899 932 970 977 
3 23 31 35 45 53 69 70 71 87 116 120 141 159 166 183 210 210 211 229 250 272 278 281 307 335 339 348 368 369 418 441 444 448 468 492 508 520 520 536 538 541 563 565 567 574 580 588 605 608 609 625 637 648 659 662 670 670 711 725 726 747 802 826 827 844 848 866 871 872 888 897 906 938 952 957 982 988 990 997 999 
6 9 14 49 58 79 80 81 88 90 96 112 127 137 139 142 171 173 182 185 191 232 244 255 266 268 270 293 298 302 306 314 353 391 405 418 429 440 450 488 491 533 565 568 591 593 593 603 611 635 637 644 652 655 684 713 714 726 742 752 759 765 769 788 792 822 836 868 868 886 889 893 910 912 934 940 943 944 945 947 966 968 
33 46 57 59 66 73 91 96 121 121 123 127 169 170 179 184 187 199 220 221 233 238 250 276 290 307 316 318 348 349 375 381 384 384 404 413 445 506 514 537 544 556 574 576 618 619 621 623 623 625 632 633 649 650 652 661 677 700 703 705 715 746 758 797 830 833 839 852 853 863 893 894 898 901 916 928 939 942 948 949 952 956 959 
4 18 32 33 71 94 104 109 112 113 125 126 182 229 231 241 252 270 278 287 299 302 316 353 357 364 390 390 409 413 416 426 434 444 457 464 491 500 526 530 573 586 592 598 609 612 620 647 660 671 684 689 691 696 710 722 728 730 737 748 754 770 772 788 790 837 837 843 849 854 863 867 869 870 886 907 920 932 945 952 954 963 977 978 
39 78 91 101 101 117 124 125 134 138 159 159 176 177 183 202 238 240 249 251 273 286 298 342 349 382 401 405 408 416 435 435 447 449 449 457 459 483 487 524 531 541 542 551 560 561 582 594 606 612 622 626 665 668 675 685 700 709 710 729 752 762 762 763 771 774 800 802 805 813 828 841 864 873 881 890 895 927 937 946 950 951 957 963 994 
13 15 26 38 51 55 67 91 96 102 104 115 124 143 145 167 207 211 219 220 223 229 240 246 279 287 290 302 304 316 320 323 339 349 350 351 361 368 413 418 425 449 454 473 474 483 498 534 547 550 554 567 569 577 583 607 607 616 624 633 635 640 645 653 655 683 697 710 720 731 735 758 771 786 786 809 825 839 896 904 909 938 938 983 987 998 
6 8 38 54 89 119 127 131 135 148 148 179 189 196 200 206 208 235 243 253 255 262 281 293 306 310 322 324 343 343 363 365 392 412 417 429 434 436 442 455 469 483 496 536 577 578 579 581 585 589 615 626 661 662 669 671 677 694 696 699 704 708 711 724 745 756 778 785 785 791 815 819 820 820 844 848 868 876 889 916 924 926 942 957 960 960 997 
24 41 51 52 71 77 84 96 106 106 134 139 154 172 179 191 196 199 200 207 208 223 237 245 284 288 289 307 307 326 329 333 338 341 345 349 353 356 386 388 399 407 410 419 424 455 501 541 546 563 590 591 608 616 623 632 633 639 639 652 678 682 693 706 712 714 738 741 754 771 772 786 793 795 812 817 824 852 861 888 889 924 948 967 970 985 987 995 
1 10 17 60 65 66 83 101 101 102 120 135 137 156 164 177 185 206 216 223 243 246 250 258 275 298 304 312 344 347 360 374 374 384 393 399 405 414 417 457 457 458 490 494 503 533 542 550 551 557 575 578 589 607 618 620 645 657 661 663 664 672 674 676 681 701 702 710 711 714 726 733 733 738 754 756 814 814 818 846 884 892 894 899 936 952 962 994 995 
1 3 12 51 56 57 101 101 132 134 143 149 152 154 159 169 173 178 195 204 227 228 243 252 264 287 321 326 335 336 337 369 378 383 384 388 400 401 403 412 425 438 446 472 473 475 481 498 519 523 538 568 577 577 586 600 625 625 627 641 660 677 685 695 714 716 719 722 728 750 776 811 812 828 843 846 850 851 859 873 873 887 890 895 902 934 952 954 962 983 
12 23 32 41 43 61 61 85 88 89 93 101 130 135 139 164 170 171 182 213 215 219 221 240 242 247 250 258 273 290 292 313 314 335 342 348 402 435 447 464 486 487 487 487 501 541 558 560 581 581 599 600 610 616 633 634 642 658 731 733 743 753 753 766 768 769 788 793 796 798 811 813 819 820 835 845 848 852 892 919 924 924 928 931 943 945 955 963 965 979 990 
7 11 19 28 35 48 61 76 78 93 98 109 111 120 122 125 171 172 176 187 187 203 205 209 211 216 226 248 250 253 264 265 268 270 278 280 306 307 310 315 322 325 335 348 351 376 393 398 407 434 435 448 459 498 529 555 564 565 580 590 596 618 619 625 626 685 723 729 748 782 784 788 802 806 808 820 822 822 824 829 830 841 857 873 887 897 903 909 913 936 972 989 
9 35 66 87 100 103 109 112 138 141 141 192 202 212 225 251 260 269 271 272 275 275 279 285 290 298 303 310 312 346 358 362 389 396 398 405 423 425 428 428 432 443 447 452 459 479 488 492 518 518 527 529 530 547 556 565 566 582 583 605 610 624 655 658 689 690 706 716 719 727 729 731 754 756 761 789 791 798 810 813 836 869 890 899 912 912 916 918 920 926 944 966 990 
1 7 13 36 55 63 83 91 97 113 115 115 122 180 188 189 208 213 215 219 220 244 270 277 283 301 321 340 355 358 376 381 387 416 421 440 449 452 460 469 486 490 498 502 508 510 527 530 595 595 607 622 622 625 641 656 656 660 665 686 688 701 729 732 733 745 748 753 773 784 790 796 808 810 828 837 848 865 870 887 887 897 909 916 919 927 931 935 942 964 964 964 985 995 
8 23 31 33 38 64 110 119 121 134 138 142 160 161 164 173 178 181 187 197 201 230 237 246 263 280 286 300 309 313 346 359 375 377 396 397 402 407 411 417 419 423 442 445 456 464 464 480 488 488 534 541 547 560 581 584 592 613 636 637 637 644 657 659 661 662 671 680 684 690 691 724 729 731 742 766 768 778 785 803 806 823 842 852 862 865 878 892 928 953 958 965 982 992 998 
12 13 20 45 59 68 73 86 100 102 111 132 156 164 164 176 185 187 188 196 214 225 228 243 247 251 280 281 286 307 319 330 337 380 387 396 407 421 433 434 438 439 446 452 455 476 479 480 486 490 495 511 523 525 546 547 570 581 597 600 605 625 628 629 630 632 670 672 691 745 764 780 784 791 794 800 806 846 849 850 877 887 889 895 903 905 906 915 921 926 928 934 948 949 967 997 
0 15 20 23 29 38 63 67 78 101 105 147 160 175 211 224 227 231 238 240 246 261 273 292 296 316 327 333 334 365 370 385 386 388 426 429 432 449 462 473 475 480 490 499 502 503 506 525 528 568 580 596 600 649 658 658 669 678 699 717 718 727 728 745 746 754 759 769 776 815 828 841 842 848 853 855 858 863 865 876 882 882 889 889 899 905 912 916 924 924 938 945 978 989 989 992 993 
69 97 104 107 109 112 121 169 169 178 187 214 220 225 226 227 234 254 258 258 271 275 287 289 292 292 292 317 321 332 332 333 346 348 350 358 369 380 385 403 411 423 436 439 443 468 475 483 503 531 538 539 570 573 575 582 606 606 613 627 628 653 653 666 669 678 683 701 720 724 732 734 739 750 754 759 784 799 799 800 811 818 819 828 854 855 872 879 893 896 911 924 957 963 970 972 981 996 
7 18 25 31 33 38 57 58 80 98 99 104 131 149 169 181 201 234 249 256 269 270 278 285 295 300 328 349 363 386 397 406 415 424 427 432 440 448 449 461 472 473 477 481 495 505 509 510 521 528 530 536 579 581 607 607 610 626 633 640 644 656 687 693 695 704 718 722 725 755 757 771 775 777 783 787 799 803 824 826 841 853 853 885 890 900 918 926 939 943 945 956 958 965 969 972 977 989 993 
24 42 43 46 55 70 72 90 110 114 148 148 162 168 211 213 226 230 259 266 272 288 294 296 304 309 311 316 317 323 347 354 361 364 371 394 401 405 414 423 432 441 444 445 450 460 463 490 494 500 512 519 538 550 559 562 562 570 597 597 610 616 625 639 640 642 643 643 650 671 684 685 685 706 707 710 732 745 748 751 762 766 773 778 778 779 805 817 881 893 901 911 930 940 953 962 962 970 981 995 
