217 
558 347 
730 642 223 
537 483 228 181 
835 772 578 208 57 
780 721 662 216 122 33 
939 872 572 462 354 96 36 
821 752 725 486 392 356 341 185 
949 934 915 824 690 649 625 309 291 
956 926 905 843 584 493 483 381 160 35 
992 987 969 932 828 752 366 348 273 153 146 
981 963 935 871 818 764 618 395 366 334 259 200 
936 865 788 672 473 462 411 335 206 122 95 90 22 
961 919 873 779 706 692 673 633 551 532 524 450 256 198 
978 858 728 424 395 329 320 238 236 131 104 94 86 53 26 
956 942 839 832 811 693 586 580 505 414 379 348 340 294 118 61 
956 825 802 703 683 665 659 611 557 526 488 383 293 207 194 183 173 
977 914 799 775 759 756 678 665 618 499 483 399 391 301 288 136 108 89 
986 979 947 938 923 847 748 583 576 562 540 475 312 310 240 235 174 87 52 
992 961 899 870 866 834 787 739 725 655 500 455 411 379 365 286 158 133 102 83 
880 840 837 804 795 792 766 753 710 486 437 399 334 250 245 237 235 234 202 136 102 
906 905 784 732 714 670 634 597 584 552 503 502 480 462 456 445 429 336 326 178 153 66 
994 994 958 946 936 799 796 768 638 626 603 515 500 450 420 392 253 243 231 215 83 17 0 
969 933 897 873 856 815 815 795 771 766 730 625 491 379 315 287 245 234 158 142 127 37 33 14 
997 965 959 928 793 777 766 703 682 560 514 454 447 434 424 395 392 343 266 206 191 181 141 107 9 
992 965 962 901 812 763 733 678 640 567 548 518 495 476 474 426 417 415 217 215 200 98 77 64 44 21 
997 975 915 902 811 798 780 724 714 694 645 642 637 624 564 399 393 310 308 285 280 204 109 93 54 24 15 
993 981 806 741 735 703 667 635 607 605 540 460 411 405 373 361 333 330 319 317 287 216 215 160 156 135 97 23 
985 935 911 873 841 811 733 704 702 679 645 637 633 592 516 515 508 471 440 425 380 354 331 251 226 187 186 37 12 
929 923 861 853 807 791 785 766 751 714 698 684 567 507 397 390 319 297 290 287 268 242 123 95 59 35 27 21 17 2 
999 984 976 960 954 954 903 901 891 845 811 801 746 541 499 477 459 401 383 376 360 326 310 292 237 232 158 71 46 39 26 
911 881 862 856 810 803 751 723 694 687 679 657 560 543 541 495 472 408 406 403 363 353 312 292 277 263 205 179 173 68 32 4 
922 914 880 873 849 767 699 678 674 598 560 540 518 516 510 476 455 442 398 383 257 222 220 207 198 192 142 140 106 93 75 54 12 
945 941 937 916 804 791 786 777 776 771 727 695 687 667 637 596 514 469 261 213 212 199 178 169 160 148 137 109 98 69 59 30 26 12 
992 923 899 883 881 858 846 820 751 699 661 660 636 604 580 559 548 510 453 428 377 355 352 313 284 261 247 151 124 122 113 45 30 27 1 
965 954 930 909 885 880 819 805 739 714 666 600 599 579 558 505 485 449 442 426 346 302 295 289 246 239 217 161 156 153 122 95 80 57 6 0 
901 864 861 851 837 817 739 734 734 720 694 646 643 577 550 550 533 509 465 453 436 413 393 367 325 292 250 235 230 227 175 174 128 88 57 18 7 
984 963 923 921 894 830 781 735 731 713 710 707 637 628 621 552 551 547 528 525 498 497 378 353 290 276 271 243 223 191 173 161 160 123 38 27 21 1 
994 994 988 969 950 942 938 930 916 875 807 804 741 726 653 637 609 600 584 566 539 527 481 425 325 322 313 276 251 185 182 169 167 109 79 78 73 70 19 
978 969 918 859 853 845 838 822 782 758 720 714 700 685 665 646 618 614 598 577 572 530 519 462 450 431 430 360 333 300 200 200 193 170 163 141 140 135 127 27 
993 955 872 831 829 807 757 756 748 735 730 711 694 587 552 533 528 481 407 392 391 389 369 343 325 309 273 261 189 149 142 114 114 102 92 80 56 35 25 19 14 
960 923 920 920 895 813 746 740 710 701 697 633 538 538 510 489 467 440 426 405 400 371 370 308 239 198 192 164 158 144 141 126 102 88 82 74 62 59 53 39 33 23 
945 913 913 903 847 774 766 741 727 718 715 690 672 663 639 634 627 619 552 507 501 473 468 463 454 447 385 381 355 320 283 218 209 197 194 193 173 148 134 129 51 14 9 
962 940 926 856 833 787 714 645 644 614 613 605 572 549 549 533 528 522 504 458 443 387 369 357 310 307 271 265 220 208 202 186 176 172 172 168 160 140 126 124 110 100 65 38 
996 978 960 958 926 920 906 903 861 830 830 789 763 735 715 692 618 534 524 518 504 491 444 408 371 367 355 353 342 315 308 303 293 286 280 233 229 223 205 107 95 89 44 22 15 
988 939 910 881 875 863 798 785 781 749 741 725 696 686 672 671 647 647 644 626 565 551 545 520 511 505 470 434 413 332 323 316 284 268 266 201 151 148 143 142 112 108 107 82 62 6 
995 928 922 871 862 840 804 803 797 785 783 734 716 715 662 621 601 599 577 564 540 502 498 481 471 471 430 428 382 366 362 321 308 301 239 219 213 201 195 184 173 149 97 68 35 28 28 
989 975 922 865 864 856 850 848 841 838 838 836 821 803 790 748 748 733 726 721 694 686 685 662 645 641 606 584 566 526 519 480 432 423 401 340 320 300 263 247 238 179 176 129 116 94 20 11 
964 959 956 939 912 896 877 873 849 843 794 783 727 720 687 677 674 638 625 615 585 574 570 569 563 524 509 440 420 389 381 352 314 271 178 155 144 133 131 127 126 119 101 88 83 67 51 42 32 
984 977 974 937 932 898 873 803 795 792 753 720 716 711 694 659 649 641 638 614 584 571 561 558 506 500 475 457 456 419 404 403 380 355 342 320 310 303 295 275 254 231 214 178 157 150 102 68 61 10 
930 917 901 879 836 834 799 787 756 736 727 679 665 643 640 612 584 580 561 551 548 548 544 439 413 404 402 395 381 370 367 349 342 337 333 312 301 299 291 265 252 229 186 184 167 162 150 140 125 97 85 
999 995 985 983 977 969 962 954 929 921 913 898 878 853 809 801 798 784 784 773 735 699 605 538 532 523 495 494 453 442 442 399 377 337 330 271 266 257 229 225 193 193 166 160 145 145 125 108 82 62 62 8 
994 986 982 982 980 965 938 912 905 896 878 868 857 836 827 734 706 706 677 663 623 605 601 588 579 499 446 434 422 420 407 399 337 325 320 313 285 269 198 198 196 192 192 191 167 147 136 113 95 74 66 63 25 
983 959 950 945 937 930 923 872 850 840 817 813 786 777 770 751 748 731 711 706 693 691 688 685 637 621 619 586 585 521 511 498 490 389 383 358 316 299 296 263 242 226 218 215 193 190 188 162 146 143 122 48 38 30 
962 926 909 900 859 856 856 846 844 838 833 785 773 772 758 753 719 699 694 669 668 663 636 624 614 587 581 572 552 552 544 539 503 481 448 446 373 355 311 263 217 206 182 176 171 169 145 125 84 80 71 70 38 35 15 
993 963 958 955 896 878 847 828 792 767 764 759 722 718 716 683 657 647 642 591 575 540 533 532 527 520 512 493 487 481 454 453 437 429 419 415 392 374 372 350 337 321 320 250 223 139 115 111 103 98 83 78 60 51 16 0 
980 966 948 940 927 912 881 872 805 722 706 703 697 681 661 648 646 646 639 604 588 554 539 525 497 494 493 487 470 463 439 436 436 391 387 371 367 366 364 353 306 302 284 243 225 222 179 166 146 135 84 63 55 44 29 19 7 
975 930 916 916 908 908 892 871 853 824 793 771 758 720 681 650 649 644 629 540 528 521 512 503 500 494 490 489 447 445 439 439 437 435 383 349 321 297 278 265 252 247 223 217 205 202 199 180 170 167 163 126 108 100 82 49 33 29 
958 954 911 889 882 866 845 842 837 802 799 797 776 751 744 735 711 708 684 669 667 637 610 578 577 570 543 539 538 482 464 463 450 449 418 411 383 373 361 329 328 305 302 280 258 248 225 218 200 189 175 171 101 95 55 46 45 40 1 
985 970 970 949 940 926 900 900 814 811 791 784 765 726 726 705 677 672 664 658 654 626 618 618 615 608 608 600 598 569 556 556 535 514 506 462 445 440 430 314 303 301 293 284 279 268 266 240 203 202 182 171 143 142 135 133 133 111 100 57 
979 963 938 911 908 896 885 870 843 836 762 706 704 697 688 681 667 663 618 607 597 581 580 568 563 547 540 516 512 506 477 471 459 439 432 408 397 370 358 356 315 303 301 295 250 249 235 215 209 129 112 101 86 46 44 42 32 26 20 17 3 
990 983 980 969 963 944 930 924 909 904 897 886 874 864 829 809 795 769 769 760 698 649 636 630 552 537 537 495 483 481 453 434 409 389 387 385 382 377 372 370 363 363 336 317 283 244 209 170 167 152 151 143 139 128 119 99 92 65 34 30 28 15 
983 974 960 954 934 898 889 852 852 819 801 787 764 730 699 679 657 643 638 636 629 613 602 578 569 567 565 549 540 529 524 521 492 485 471 459 428 426 405 396 395 394 386 370 356 347 345 340 313 310 289 284 266 239 236 225 203 181 171 144 129 86 63 
973 948 940 901 896 888 851 850 842 833 801 792 772 770 769 766 763 757 757 729 713 711 697 695 671 659 640 605 601 583 568 567 538 529 524 511 482 476 433 406 393 364 358 337 332 319 281 280 258 252 240 182 175 170 144 141 136 108 108 85 81 77 77 3 
973 972 970 921 896 884 879 865 864 859 785 780 773 760 749 735 725 709 705 701 680 673 660 652 650 648 637 620 607 606 604 588 501 489 483 473 469 464 464 463 461 456 455 451 450 387 345 342 328 220 218 200 182 165 154 135 133 129 123 93 81 58 52 29 23 
997 973 968 965 957 950 941 919 917 900 875 871 845 844 835 829 822 815 806 805 766 751 749 733 729 719 716 704 684 614 599 597 594 570 561 554 525 507 498 493 490 473 467 459 454 450 449 447 414 363 312 306 295 273 264 254 237 233 214 210 186 125 100 77 71 1 
994 980 976 972 961 958 953 918 897 884 871 871 868 849 842 798 782 772 752 744 730 708 689 653 644 617 591 588 579 574 561 549 536 513 503 499 498 480 475 473 461 399 392 360 327 325 281 281 255 245 243 234 228 200 185 156 123 103 102 94 84 69 69 66 57 27 20 
982 981 969 962 936 917 914 873 849 847 828 825 813 770 758 754 753 751 744 736 736 727 722 688 686 677 658 653 650 639 628 616 614 578 534 524 500 493 491 481 449 442 422 420 412 391 337 332 327 313 271 238 228 223 205 161 138 114 86 74 63 61 57 54 43 40 30 6 
983 923 870 852 839 826 825 821 815 790 774 770 703 677 672 655 651 644 641 604 603 595 594 573 571 569 555 553 527 522 510 492 474 466 464 449 449 439 426 414 407 394 392 370 340 317 317 315 306 272 247 241 228 205 200 197 160 139 138 134 132 101 64 36 27 24 7 6 3 
985 977 973 916 887 870 839 837 814 800 789 786 772 770 767 766 761 728 721 690 683 677 672 664 643 641 616 615 610 564 559 545 539 539 523 506 484 481 478 467 461 455 440 433 430 390 350 346 336 322 321 320 312 310 294 266 263 250 215 190 157 122 100 87 86 76 68 64 49 0 
975 963 962 919 909 889 874 873 872 856 839 813 798 797 778 776 769 768 767 751 732 724 721 708 669 652 632 607 604 594 581 564 556 518 516 511 486 475 473 451 429 417 415 409 407 403 382 339 336 312 309 290 248 241 204 204 182 178 174 151 127 99 75 63 62 54 45 35 27 20 15 
990 974 971 959 912 905 900 878 846 819 815 811 789 788 774 763 726 715 699 694 694 683 683 644 642 641 636 635 601 590 583 568 550 546 533 523 518 461 426 413 411 395 393 387 385 361 360 344 325 321 311 301 282 272 269 261 254 250 224 222 222 174 155 152 123 120 101 75 52 46 30 27 
988 980 951 945 941 933 906 898 895 871 832 785 760 756 741 727 727 710 704 680 671 652 642 632 631 625 605 605 604 602 592 520 518 492 485 480 437 427 422 392 369 360 319 293 269 264 246 240 220 179 173 158 154 147 129 129 128 116 111 109 100 90 89 83 65 59 50 47 45 43 43 33 19 
990 974 971 964 950 949 948 934 933 881 870 865 861 833 823 818 787 767 759 749 741 733 713 666 651 630 619 609 608 602 587 573 560 559 545 536 525 521 507 500 474 458 447 433 386 383 372 370 370 370 362 362 360 358 351 348 319 302 288 288 280 259 233 227 216 174 167 146 134 115 109 96 65 31 
999 995 980 948 902 879 875 857 856 848 841 836 821 776 772 759 750 747 747 744 744 729 725 710 701 699 691 679 672 670 664 660 658 642 641 628 593 580 574 574 568 553 538 524 524 513 507 502 481 440 427 397 291 285 242 213 211 209 184 183 182 172 165 163 156 129 128 126 121 116 114 109 85 84 59 
998 990 978 973 936 924 915 896 891 889 875 861 856 853 839 829 823 816 808 796 785 769 764 748 721 720 709 686 653 587 582 565 558 547 544 533 509 502 496 495 494 471 462 445 444 439 435 435 433 433 413 405 401 359 357 335 332 310 299 288 283 252 231 224 221 192 169 155 127 125 125 120 98 95 54 30 
997 988 974 968 940 939 921 918 865 862 847 841 829 827 823 810 773 725 712 668 655 654 644 638 634 623 623 620 608 605 593 588 583 571 569 555 549 516 458 450 441 411 410 406 384 371 368 367 348 313 295 268 244 242 231 219 212 208 184 182 179 176 175 173 124 113 107 75 69 58 56 32 30 11 10 6 6 
970 968 967 961 951 910 892 880 862 850 799 792 789 767 760 752 747 742 731 726 716 697 683 655 653 649 648 623 591 558 557 552 547 542 539 526 523 504 469 461 459 451 445 425 406 390 354 348 343 331 326 325 319 317 273 242 234 226 202 200 186 176 174 169 163 163 159 145 128 102 99 71 70 65 54 32 27 16 
985 983 963 963 950 939 929 920 897 889 865 865 852 841 837 819 814 810 806 802 793 789 789 786 771 757 753 749 686 654 628 615 587 578 575 562 539 533 527 521 502 475 473 472 463 462 429 428 372 350 345 341 330 327 323 322 296 296 255 225 224 217 209 207 175 171 148 120 119 110 91 87 86 76 57 26 24 11 2 
992 992 983 980 973 971 961 956 938 933 932 923 910 875 875 869 867 850 844 843 811 722 718 709 702 696 691 669 638 621 609 605 591 585 585 583 575 567 546 539 538 517 501 495 491 491 461 459 393 389 378 372 358 349 302 289 287 281 255 251 245 232 221 220 217 196 195 183 168 161 142 119 109 108 98 89 76 28 9 2 
982 953 943 933 929 913 908 899 897 888 886 886 878 846 835 826 804 788 747 743 742 722 675 667 656 646 613 606 605 600 574 571 570 570 561 552 536 533 532 531 516 515 478 467 461 425 421 409 389 387 376 365 358 342 297 292 280 253 249 240 239 229 226 220 193 191 177 136 114 114 106 93 86 77 74 57 53 48 16 16 0 
995 993 986 965 945 897 830 818 810 808 789 749 739 739 734 711 708 707 700 692 687 658 630 628 615 613 610 607 597 594 589 582 579 576 570 558 555 542 539 510 486 482 472 462 459 436 414 409 378 376 364 359 357 339 324 296 291 289 288 284 283 277 269 254 247 227 225 222 203 203 186 185 128 118 117 114 108 108 63 57 37 25 
995 994 986 981 980 980 962 945 942 938 933 920 920 901 899 884 877 875 875 871 857 845 840 839 834 810 800 792 768 767 756 738 733 701 686 677 677 657 631 615 614 602 593 577 560 553 546 542 540 532 530 528 520 518 454 430 419 391 387 378 364 343 310 281 275 269 268 245 235 235 233 228 212 194 175 170 107 96 94 49 43 31 21 
996 995 987 977 972 971 938 923 909 902 877 866 860 854 852 851 842 829 822 813 797 784 781 777 770 741 737 733 725 721 714 712 700 686 661 661 643 623 612 608 605 602 596 588 583 579 576 548 547 525 520 506 492 491 478 455 447 447 433 425 417 406 399 396 390 382 372 371 354 323 314 294 285 272 250 229 134 111 63 48 35 34 15 12 
992 987 966 963 962 961 941 938 909 895 895 879 865 853 814 806 798 790 788 772 768 747 735 715 689 679 673 658 586 563 548 545 541 541 533 531 526 510 498 460 435 431 410 399 393 364 363 359 337 332 322 300 293 289 280 274 273 267 246 241 237 204 198 194 187 179 164 157 139 134 130 128 122 112 97 94 88 83 73 66 64 63 33 14 0 
973 960 948 944 941 936 909 873 861 858 842 815 788 787 766 744 739 717 717 674 668 654 654 651 637 621 607 599 591 573 568 568 562 526 526 521 511 511 509 486 482 482 467 466 463 462 461 440 421 393 380 360 358 355 345 336 326 315 303 303 293 290 272 257 252 250 232 218 190 189 188 181 163 145 123 122 117 116 104 103 95 69 64 57 46 4 
973 971 969 964 933 924 921 907 881 874 872 870 858 852 818 794 760 757 737 728 724 721 711 706 688 680 680 679 668 660 641 601 588 582 582 541 528 520 490 489 470 469 440 438 438 431 424 423 397 389 373 367 310 305 296 295 290 287 276 273 262 259 249 237 222 220 186 169 151 143 137 137 133 124 95 84 75 62 54 52 50 47 44 40 30 24 19 
986 983 982 970 956 950 948 941 940 936 895 863 851 845 840 840 840 827 826 807 797 788 779 760 740 721 719 719 696 683 681 678 672 670 625 598 593 591 589 584 554 543 542 539 538 493 487 481 470 460 448 434 431 428 416 410 406 376 371 369 356 345 328 320 278 234 218 208 197 177 173 164 158 120 100 92 91 90 81 73 54 50 45 36 12 9 4 2 
990 983 977 958 957 954 939 937 934 925 903 888 876 860 820 818 803 802 767 760 735 732 730 721 719 717 695 689 684 651 647 647 641 606 597 589 583 575 551 519 512 512 467 457 448 447 436 423 397 389 370 363 328 310 302 289 275 252 247 232 231 225 213 199 188 186 181 177 177 174 163 157 144 131 104 101 94 92 80 75 71 70 58 47 43 42 24 16 2 
995 984 977 974 970 962 962 944 931 918 909 896 877 859 848 827 801 799 796 789 787 785 760 755 743 739 704 692 692 675 672 661 650 610 607 592 565 558 556 530 507 506 502 485 471 454 444 440 430 414 412 410 404 403 401 398 391 383 380 378 374 373 367 364 274 255 254 250 249 245 240 237 225 217 199 163 154 151 129 128 126 111 95 92 74 53 43 23 3 2 
979 975 968 965 962 954 946 922 917 908 905 899 883 833 833 817 794 793 790 754 744 738 719 707 688 676 663 648 628 614 610 607 603 562 554 541 526 519 511 510 487 473 451 444 440 435 427 427 421 421 415 410 399 380 371 368 353 352 345 343 341 335 330 327 318 297 290 247 239 238 234 201 177 176 176 148 131 125 124 122 80 78 67 64 61 51 28 28 26 24 13 
998 991 990 987 982 982 981 977 976 972 961 936 934 931 897 833 812 807 807 803 781 775 772 771 761 755 747 719 709 704 692 683 683 643 621 614 613 594 555 548 543 536 534 532 526 498 486 482 474 415 408 403 401 384 381 374 360 351 343 343 333 314 294 286 282 281 254 253 239 226 225 200 200 200 191 171 164 140 126 120 117 109 101 91 90 82 60 60 52 38 33 1 
972 968 953 952 948 946 936 922 922 912 904 904 902 887 886 876 862 859 847 847 843 834 815 799 784 780 774 754 754 753 739 724 684 673 653 629 621 616 614 597 580 566 557 556 542 530 504 486 460 445 441 405 402 382 333 330 321 318 312 289 248 238 228 223 202 196 196 193 182 165 162 156 139 132 128 111 108 105 101 92 88 76 70 66 65 49 44 34 32 22 15 11 8 
954 925 923 909 896 896 896 875 868 851 834 832 812 808 804 797 791 790 779 742 729 712 681 666 661 641 637 635 621 611 604 599 565 559 555 540 519 509 506 475 475 451 449 435 434 433 410 405 398 384 369 349 348 332 328 327 326 316 311 294 294 284 281 262 258 237 227 221 211 206 204 200 190 160 155 153 151 146 137 129 126 106 91 80 69 66 62 50 49 45 44 32 28 0 
999 984 978 976 970 969 954 935 915 899 898 865 861 855 853 841 837 837 837 832 827 825 811 777 775 774 766 765 752 740 739 711 710 702 690 689 687 685 669 627 622 615 614 614 583 580 565 552 534 521 513 512 509 492 471 467 421 408 383 374 354 343 318 316 307 293 293 289 282 277 265 261 245 244 241 241 228 209 169 166 161 151 150 134 112 103 92 75 73 61 46 43 31 22 18 
994 970 965 954 951 950 946 935 935 913 904 879 865 864 852 843 829 814 795 767 754 754 752 746 743 707 681 670 669 655 654 649 647 645 631 606 579 533 528 475 475 462 462 449 436 431 431 419 416 413 412 408 397 394 393 391 390 364 350 349 346 344 341 336 331 321 314 301 295 287 281 264 263 258 254 254 214 204 204 201 192 178 173 163 145 131 123 113 78 73 57 46 39 34 12 2 
981 977 974 970 962 940 929 923 915 911 887 886 882 855 838 838 837 824 818 797 795 764 759 757 754 752 715 698 695 683 666 663 646 634 614 612 603 590 579 573 570 568 526 518 509 509 502 491 490 489 484 483 463 454 411 410 409 407 399 386 385 359 358 347 338 326 308 269 244 231 223 218 211 204 189 179 178 172 171 154 137 127 123 117 117 95 81 81 78 78 69 62 47 46 39 22 17 
999 992 979 953 951 926 922 922 907 875 854 849 843 834 833 832 825 802 801 800 799 796 795 792 786 772 746 745 735 730 728 716 714 711 704 693 663 661 646 630 626 616 615 613 599 586 574 556 550 511 492 490 462 451 430 428 417 415 403 393 389 371 368 359 351 349 344 326 323 306 285 269 248 248 225 215 215 212 201 192 186 176 167 165 150 148 143 128 105 74 73 58 53 41 33 19 6 5 
982 972 967 961 957 952 942 937 936 934 928 909 908 906 905 888 888 867 857 838 821 808 792 785 773 762 760 760 754 745 741 726 714 700 690 685 667 662 656 638 626 612 604 601 599 555 546 545 502 492 482 480 473 465 446 444 438 431 395 394 368 345 336 310 291 289 285 281 273 253 249 235 234 219 211 206 182 170 160 143 140 112 108 104 99 86 82 67 66 65 60 59 50 49 28 24 23 21 0 
988 987 985 970 953 935 924 922 887 883 882 868 867 863 856 844 844 834 831 827 818 813 803 802 772 766 755 751 751 748 745 742 742 733 692 677 663 656 638 619 586 578 576 568 558 550 544 543 542 526 515 510 492 489 485 482 461 453 447 439 437 424 423 386 385 385 371 327 313 302 299 291 260 257 256 252 252 249 225 221 220 211 210 206 197 193 189 179 162 161 150 148 141 140 138 133 100 99 84 72 
