796 
306 253 
900 225 867 
168 156 327 712 
570 963 58 634 904 
135 243 827 532 833 479 
601 539 866 108 371 126 971 
365 780 858 482 446 489 487 267 
770 157 122 417 268 847 552 479 353 
932 734 949 614 535 93 551 781 382 964 
62 910 618 620 455 163 261 419 611 753 106 
233 327 436 31 403 944 320 996 381 991 247 875 
894 720 506 82 607 729 247 765 821 369 262 329 430 
796 149 489 39 101 800 707 361 793 534 350 462 578 899 
999 720 348 930 529 434 242 788 345 39 241 336 34 499 392 
440 819 932 737 861 717 746 989 189 48 774 297 260 521 166 329 
146 212 930 694 631 814 875 636 874 911 495 609 824 930 711 584 617 
973 83 931 489 777 776 583 295 724 485 260 523 841 965 489 692 661 312 
94 283 564 816 585 402 177 155 332 738 410 380 262 898 649 298 679 638 653 
817 893 259 774 728 982 821 611 58 950 955 818 909 583 970 379 747 889 469 18 
880 368 23 368 783 907 968 339 937 458 404 272 677 692 446 861 556 316 422 563 169 
563 261 439 486 851 242 196 507 721 645 825 772 256 85 27 629 173 911 23 414 317 670 
913 940 927 378 284 834 801 783 166 477 37 281 513 551 662 726 19 756 705 376 916 18 627 
360 768 945 909 252 326 673 718 360 284 877 710 455 666 209 413 229 860 363 974 322 430 852 194 
172 50 535 442 83 196 714 471 50 20 667 928 330 822 143 39 610 371 411 529 487 430 597 389 246 
203 843 401 989 707 278 813 855 789 635 103 589 683 634 433 450 744 193 722 554 450 239 554 672 118 832 
724 526 750 949 267 578 23 325 962 193 841 953 941 457 684 970 561 122 670 699 569 265 833 140 653 362 200 
124 189 819 946 956 172 82 371 515 463 558 697 843 928 664 879 498 863 408 799 695 875 479 165 665 686 90 545 
997 671 560 249 210 62 376 368 657 579 430 273 873 450 953 19 562 982 712 91 989 594 778 951 821 229 115 81 347 
938 107 601 792 511 864 754 948 597 289 551 749 144 764 271 351 779 117 480 931 420 561 165 112 638 793 676 438 257 619 
160 629 998 938 398 455 961 647 940 93 483 719 451 752 881 679 916 985 487 352 944 792 531 827 832 39 298 910 960 142 35 
579 567 812 596 908 543 496 982 811 88 915 125 284 969 847 392 626 638 353 544 93 948 971 96 381 52 734 100 46 266 11 676 
170 145 774 917 332 998 335 952 360 363 355 249 742 239 997 248 514 938 887 554 792 792 791 474 435 479 377 208 135 165 747 721 578 
129 656 95 844 796 473 388 605 251 483 55 134 741 879 416 438 875 396 923 324 515 81 878 484 60 423 595 44 2 641 791 109 42 672 
892 99 724 901 733 157 376 32 329 222 66 468 574 801 817 498 720 297 819 778 879 486 150 364 400 56 515 523 454 480 922 297 757 235 882 
913 556 621 403 158 812 568 218 236 589 204 836 999 912 678 502 842 598 154 908 302 287 298 650 568 845 745 926 725 955 717 249 313 454 840 748 
858 350 32 691 569 94 857 835 329 130 106 174 726 752 953 571 917 491 354 273 478 798 576 888 159 298 730 804 824 220 214 457 564 518 263 277 630 
985 311 532 771 794 357 905 14 586 596 832 234 584 419 877 557 590 246 703 170 966 309 633 682 232 802 556 716 23 460 173 204 116 328 493 889 122 663 
758 616 796 511 338 405 212 99 234 498 980 540 193 607 291 444 857 555 84 88 628 739 569 928 632 165 716 586 630 71 293 853 399 43 649 118 614 699 734 
929 510 434 77 358 987 892 52 396 738 993 622 791 465 844 906 924 811 385 508 730 466 742 992 956 686 517 887 385 357 46 123 167 534 859 511 13 729 368 128 
624 618 703 14 663 482 893 426 415 821 970 189 307 910 970 934 537 395 810 533 682 193 510 442 345 421 638 453 323 881 722 679 841 528 900 559 483 256 465 500 992 
225 448 997 295 591 413 7 430 291 217 259 966 427 152 599 441 936 252 621 750 793 685 583 64 241 664 380 939 172 790 160 417 633 758 892 397 823 788 770 662 598 127 
113 170 274 30 291 747 694 682 744 205 506 909 147 488 375 692 232 551 441 688 628 152 613 549 43 911 847 25 468 619 438 198 437 192 792 381 454 306 437 67 187 857 106 
339 98 980 908 143 579 71 213 918 860 169 227 392 766 200 88 284 182 379 980 761 79 364 309 207 925 332 863 960 760 712 653 98 382 503 907 833 952 570 305 346 19 687 803 
33 254 607 926 379 220 667 431 72 769 72 275 913 391 334 843 703 891 897 362 577 504 321 214 777 16 677 552 533 537 732 526 546 555 368 944 876 567 775 694 533 345 681 101 609 
501 366 650 771 723 828 526 199 626 647 816 750 19 500 744 268 291 203 287 890 933 125 196 759 937 614 954 218 560 373 662 378 841 406 954 817 331 959 196 620 914 434 887 364 240 234 
556 363 7 661 871 13 539 925 114 42 547 724 426 535 267 715 971 993 716 386 893 475 653 515 848 526 745 385 673 407 823 450 899 876 866 511 382 79 341 465 806 663 756 260 737 225 491 
264 211 639 926 821 58 648 474 60 158 54 525 791 653 468 140 208 602 386 369 806 222 832 390 199 327 829 950 59 333 369 370 595 319 776 509 51 220 301 829 47 854 690 30 638 56 324 129 
3 434 294 279 61 890 3 48 508 835 728 486 814 151 943 457 25 489 917 204 276 113 59 332 616 149 557 247 10 885 137 829 906 974 892 663 407 320 291 176 612 207 246 738 934 259 274 29 2 
482 384 703 299 35 633 399 831 433 972 877 132 481 709 50 330 812 61 634 912 119 669 719 364 635 856 937 403 346 164 36 782 239 441 576 9 864 829 602 248 502 93 277 111 974 692 328 738 374 203 
567 254 847 748 898 557 694 253 972 38 371 486 575 251 252 59 185 613 369 907 229 692 346 50 822 941 866 49 901 355 780 768 786 939 839 668 46 928 155 828 600 104 300 108 326 722 28 780 447 190 149 
569 273 887 967 215 279 628 865 138 642 847 881 122 741 849 481 818 934 673 333 903 802 658 969 796 100 82 973 959 874 345 761 153 977 288 792 900 175 449 715 880 346 312 257 436 855 623 34 866 645 914 494 
921 553 668 218 162 724 471 179 353 92 799 73 454 72 134 211 449 430 489 830 148 848 145 637 837 5 490 438 788 617 212 785 60 626 717 344 767 520 386 200 21 285 954 592 491 166 660 54 839 128 211 525 961 
16 497 267 402 183 604 166 241 293 393 847 43 832 270 883 670 884 766 219 577 294 566 348 204 898 111 151 655 672 757 359 822 578 643 105 234 88 51 509 56 577 122 15 499 294 518 945 600 771 364 794 754 650 507 
88 676 17 480 778 905 684 242 804 616 114 371 208 368 876 3 289 821 469 923 341 143 971 974 338 94 994 959 50 782 568 695 754 396 177 509 443 537 397 870 524 630 168 761 924 974 993 278 904 335 489 169 223 201 390 
536 389 268 796 331 897 865 13 223 932 361 985 995 555 865 605 318 375 853 402 152 487 638 693 291 779 336 818 677 469 61 678 59 405 516 952 286 817 495 715 328 257 529 414 137 794 113 874 784 362 460 584 275 55 127 854 
115 405 325 597 478 716 801 812 515 562 166 703 948 211 9 577 408 56 531 419 975 950 686 411 289 464 569 912 378 24 56 289 596 639 456 367 287 874 934 38 34 172 789 554 627 808 385 765 605 343 97 773 626 41 694 573 514 
512 507 894 875 955 19 979 612 923 544 329 130 427 449 870 23 863 287 881 968 410 751 337 236 262 58 345 790 313 26 289 656 901 746 904 531 95 916 316 463 536 962 747 989 69 518 546 762 106 453 684 410 482 147 240 213 865 497 
50 426 344 432 705 791 75 319 958 717 755 905 113 36 244 502 697 563 653 545 982 212 609 262 660 775 916 314 854 855 785 980 663 212 140 747 493 663 946 88 403 872 334 384 482 471 503 146 146 687 443 807 489 961 531 255 220 670 950 
94 459 210 735 642 979 149 444 736 778 259 400 577 352 917 157 606 473 208 234 43 162 502 690 859 771 554 112 881 34 945 449 62 906 86 645 484 538 183 62 281 508 780 85 603 174 344 170 92 190 774 868 524 663 377 363 849 611 515 170 
805 329 678 335 806 302 316 841 37 992 794 648 889 248 512 38 13 601 514 179 66 985 956 505 379 768 53 966 516 785 18 133 374 206 255 316 22 430 190 165 574 860 563 847 393 222 217 505 245 708 611 3 62 816 718 100 737 971 119 286 591 
356 972 992 704 280 249 77 13 134 505 661 633 897 264 336 881 905 953 324 465 227 551 312 149 993 743 576 731 259 461 984 827 923 53 907 44 754 353 611 867 578 441 740 126 119 476 290 27 530 692 922 384 471 924 627 360 567 600 968 349 429 273 
334 913 357 76 276 232 609 704 857 497 139 855 650 69 270 544 986 542 163 359 786 716 563 72 109 129 2 739 305 507 116 896 803 678 372 295 873 9 567 498 865 620 653 344 389 854 109 98 394 619 745 820 821 995 696 823 642 757 361 511 516 84 148 
473 461 581 768 33 692 873 576 368 648 10 711 145 501 943 964 186 966 39 679 798 691 317 278 765 834 886 175 705 443 639 933 940 923 244 52 787 280 239 742 913 430 90 593 716 8 29 107 165 629 87 644 29 738 909 609 576 257 289 795 106 605 439 924 
277 315 238 752 420 120 330 789 299 701 337 219 334 70 364 402 234 863 238 953 887 972 87 663 916 385 522 132 759 957 590 743 981 173 367 724 994 311 142 99 909 407 540 339 560 429 841 666 289 559 62 46 656 87 501 388 841 696 726 606 331 375 827 334 718 
424 805 231 439 639 761 933 433 980 394 657 952 701 905 295 420 926 427 786 702 156 532 97 280 357 217 223 978 233 707 67 480 65 518 461 27 956 801 821 688 563 506 92 837 959 185 903 290 722 349 110 665 694 518 336 984 754 221 683 788 327 889 423 972 647 587 
634 16 691 200 18 128 433 515 22 751 986 287 142 633 584 465 444 50 660 703 192 623 584 282 331 567 535 795 656 896 195 640 851 50 969 286 74 218 209 416 8 964 184 606 121 178 506 607 374 116 50 927 869 718 600 284 179 670 37 978 124 109 925 322 846 322 263 
23 2 785 328 523 43 378 900 873 315 189 843 399 211 428 796 335 888 127 78 152 222 830 570 520 787 332 999 96 269 550 565 511 945 317 360 34 679 964 907 242 542 63 417 472 237 922 468 348 946 353 412 435 808 249 811 942 527 905 62 154 936 749 650 563 251 297 466 
451 818 415 879 376 891 930 273 841 21 496 401 930 924 665 404 854 860 428 279 751 99 419 755 521 917 544 494 111 578 655 388 242 283 25 922 16 618 407 410 62 648 60 589 998 565 45 339 535 700 926 779 617 734 461 984 566 975 35 174 487 314 446 326 355 731 639 41 924 
456 885 501 781 62 495 603 60 672 767 984 624 173 268 855 839 359 322 67 599 119 703 219 503 820 244 216 47 272 718 571 412 42 223 326 79 253 461 671 885 446 361 152 604 575 570 417 682 962 527 456 144 755 75 388 522 153 600 595 155 690 461 122 224 270 654 399 722 365 813 
439 791 934 45 909 416 356 840 232 926 395 157 796 396 225 843 958 107 703 63 559 411 275 737 413 704 681 859 500 828 441 335 752 442 18 857 634 745 970 790 942 533 944 402 936 104 481 815 810 210 665 814 116 848 516 60 29 230 225 395 985 915 463 116 614 917 688 494 630 564 309 
775 948 734 983 372 207 548 369 754 106 177 273 518 217 959 432 16 311 886 433 23 520 697 869 26 274 408 578 139 897 393 814 54 315 732 525 873 217 95 570 430 330 656 22 389 148 769 361 454 19 708 19 590 670 837 632 61 537 716 863 916 840 867 819 391 518 670 808 368 398 773 881 
546 975 701 203 622 588 531 790 250 585 893 348 827 553 620 604 125 784 51 743 313 691 2 461 325 10 602 272 574 596 854 378 897 363 964 544 578 544 220 94 247 254 793 758 150 530 402 104 539 812 445 494 60 896 838 712 664 981 911 772 466 257 59 982 13 432 881 880 159 339 653 317 792 
91 151 445 948 656 319 393 554 18 211 626 212 283 401 347 701 39 550 930 196 834 784 578 715 492 754 111 569 51 723 259 496 350 350 345 875 764 630 898 320 19 770 581 220 931 700 610 88 976 528 754 593 424 678 5 333 690 55 994 972 508 970 875 513 962 898 123 854 78 96 815 760 974 284 
880 759 304 908 700 544 337 479 914 245 159 223 654 173 236 876 131 155 81 214 162 451 475 760 779 974 102 461 119 375 791 539 510 732 148 690 852 114 184 603 387 602 795 348 10 463 905 732 736 482 11 664 770 909 984 607 911 564 218 66 44 497 621 972 52 945 110 965 722 25 793 347 607 410 118 
191 557 682 161 598 122 172 720 88 195 704 94 834 876 643 864 903 409 866 77 609 503 162 146 73 377 783 895 199 373 325 597 447 219 255 706 631 135 508 729 6 353 844 684 584 514 497 439 506 988 821 155 957 827 530 72 524 681 197 861 535 493 150 99 383 288 526 311 429 109 842 619 367 196 153 767 
852 383 58 68 729 351 808 670 805 709 497 263 887 240 696 126 418 93 104 4 840 315 730 97 936 236 473 412 114 267 626 789 405 698 301 721 954 90 592 851 235 602 575 605 361 208 778 436 76 325 679 208 881 17 895 590 439 862 422 451 310 723 650 770 604 261 992 104 240 567 255 582 29 518 234 793 465 
514 357 713 702 811 261 408 499 58 23 295 676 277 231 994 701 803 247 167 421 541 923 814 395 285 476 306 797 989 198 55 535 230 969 36 406 394 753 996 228 502 636 62 447 955 157 713 596 124 985 427 342 942 393 346 873 781 732 29 107 17 714 345 248 991 389 518 251 324 205 426 223 25 620 346 708 852 56 
70 549 386 458 974 507 629 770 780 598 924 368 479 748 67 996 159 55 562 398 494 173 110 130 873 464 680 564 66 69 734 77 99 107 436 82 683 195 126 922 183 955 931 897 732 208 144 284 244 82 581 397 16 525 415 231 380 743 106 137 122 220 609 1 242 445 25 195 863 747 105 652 423 622 698 316 923 637 549 
247 122 798 788 535 102 61 668 49 191 202 269 817 150 349 597 467 148 496 724 950 561 664 690 823 185 684 739 40 152 772 826 275 423 113 553 322 10 106 631 855 641 602 971 538 833 492 941 984 703 84 671 514 882 720 561 432 732 25 911 294 664 93 704 839 721 433 449 26 672 59 442 640 245 522 515 880 252 121 246 
820 884 108 573 955 164 696 699 756 758 988 312 542 501 875 924 811 602 800 788 536 760 916 624 900 628 101 410 866 56 419 286 28 540 701 320 841 976 250 535 498 367 831 700 832 600 982 488 299 352 275 556 793 813 330 653 522 898 985 749 658 930 549 367 851 356 689 220 479 927 396 217 171 33 754 639 197 666 183 490 221 
27 468 816 473 144 465 789 517 920 411 580 282 975 284 103 170 109 230 977 312 286 243 302 52 290 296 238 257 802 388 429 911 334 478 281 810 430 157 495 774 311 605 659 438 798 927 386 523 218 342 38 340 910 397 37 700 611 192 505 270 539 63 680 409 368 761 712 766 851 294 533 12 368 356 560 116 271 789 197 791 719 437 
262 883 893 167 857 764 20 640 439 465 905 944 835 128 240 36 124 965 95 352 166 694 49 292 41 792 731 618 266 322 962 277 337 23 379 882 460 370 341 64 140 732 795 36 600 483 691 30 141 910 200 274 38 965 559 412 422 352 681 585 633 203 84 225 237 33 444 125 417 768 464 388 232 162 37 916 291 746 833 212 174 115 656 
186 815 965 321 357 385 362 391 330 683 285 591 300 899 727 386 138 200 48 658 639 939 811 231 22 679 795 746 959 354 682 458 691 272 122 216 575 295 688 912 607 527 254 735 489 620 396 659 360 193 425 58 127 291 356 605 439 409 688 623 862 914 714 977 212 61 709 330 751 817 546 326 711 395 733 413 221 807 864 80 488 47 534 420 
794 324 615 982 605 847 749 489 89 610 110 175 340 33 347 665 205 969 764 622 220 830 757 262 341 183 105 564 152 714 864 178 713 551 549 18 586 70 22 187 751 517 614 417 507 165 476 660 416 676 762 175 377 159 893 607 713 299 661 860 341 154 434 419 154 387 682 615 815 691 848 683 645 855 207 477 388 791 176 99 99 913 393 872 199 
8 568 472 874 364 779 574 198 385 269 691 153 529 321 20 420 487 515 613 413 58 391 979 310 891 654 619 354 944 791 323 250 556 663 212 983 579 98 491 207 865 374 168 599 691 644 980 647 153 696 564 872 481 51 449 358 801 441 683 878 860 541 9 53 56 915 896 756 907 488 987 476 387 829 318 187 336 629 203 398 57 300 756 864 88 682 
689 957 816 957 311 838 752 688 923 74 614 625 425 45 247 851 371 47 257 625 847 430 400 713 388 608 535 88 117 238 801 716 586 726 249 125 987 27 913 98 72 131 305 98 113 757 472 581 408 836 141 892 38 662 417 318 533 548 287 297 672 82 885 254 953 902 556 318 76 563 260 225 425 655 43 494 831 646 988 551 999 470 847 361 409 144 337 
548 122 268 522 99 756 623 84 19 182 664 959 648 869 964 18 622 898 309 887 939 374 857 743 27 252 393 444 205 499 151 685 834 144 619 385 858 110 500 338 308 766 369 958 936 766 963 864 191 196 793 853 787 109 50 750 681 274 113 53 823 34 841 192 117 577 568 59 451 710 645 644 278 592 462 702 128 263 883 304 711 959 328 41 740 303 619 140 
39 305 56 214 464 354 121 10 804 324 872 862 501 815 17 97 649 680 926 937 503 247 750 330 466 479 918 263 962 791 276 20 331 143 825 964 160 33 889 814 482 546 370 49 366 303 606 722 150 220 382 845 957 279 649 814 421 848 360 31 164 888 556 784 631 257 826 275 137 996 923 778 665 158 66 829 411 795 130 331 728 149 531 190 217 429 145 422 981 
633 73 240 382 476 837 261 739 204 586 904 874 232 252 928 215 478 541 929 386 548 48 258 68 377 538 204 845 974 293 674 805 749 111 683 687 898 538 560 821 792 827 362 602 493 82 29 991 973 258 710 803 589 849 357 953 207 590 82 75 580 189 393 638 531 91 0 495 299 776 782 930 968 775 912 509 550 719 852 742 389 94 201 479 371 20 366 421 75 471 
510 709 886 572 869 423 473 292 270 350 496 637 30 132 380 893 450 395 98 350 436 456 966 287 761 599 820 96 893 839 449 399 87 997 258 308 576 143 643 813 923 589 554 183 705 144 897 262 902 199 439 526 490 876 896 450 124 534 897 427 647 545 504 175 324 127 463 367 409 831 414 225 924 839 452 52 585 188 635 500 40 231 688 888 267 646 735 764 984 604 620 
606 373 699 769 709 781 184 156 428 723 560 12 692 432 383 797 468 857 947 925 18 455 111 865 602 42 261 43 821 251 881 256 816 786 714 512 709 412 663 933 13 798 858 187 467 829 366 600 11 783 69 86 96 315 516 822 257 782 494 854 458 211 146 82 538 463 50 910 507 361 778 250 614 480 167 510 654 429 982 630 641 279 320 894 758 293 983 481 34 570 618 723 
984 490 879 1 707 739 244 410 196 499 465 219 530 169 360 216 318 619 520 196 313 282 886 718 732 142 299 967 66 825 572 780 78 335 422 17 207 828 805 914 790 16 841 468 127 73 266 495 392 650 771 900 711 0 143 913 306 489 498 662 177 96 63 539 393 563 87 592 461 265 135 982 473 433 394 697 103 680 83 54 167 269 222 397 530 380 661 996 508 792 194 970 373 
87 840 650 342 401 381 443 227 788 821 628 72 569 336 525 494 653 59 755 249 779 352 73 933 549 351 973 307 387 425 227 400 284 724 106 532 692 826 216 740 595 395 319 842 518 419 727 455 963 934 79 146 433 919 18 206 526 906 872 855 47 586 538 394 26 700 737 168 677 956 139 458 13 78 245 698 638 599 596 909 59 230 645 413 839 453 751 748 314 214 131 838 764 155 
99 223 523 614 350 341 782 462 316 860 796 829 557 893 819 461 732 44 157 984 275 906 529 227 594 451 490 875 698 536 151 855 47 853 74 429 795 932 424 653 436 329 950 52 349 389 355 897 132 514 644 206 250 414 433 784 971 65 615 376 412 718 219 362 725 587 756 799 34 435 41 263 508 162 322 970 964 21 619 259 938 313 186 620 582 777 498 752 933 287 314 120 67 771 890 
559 346 534 748 368 18 431 875 872 393 15 800 204 257 11 645 46 980 441 248 29 608 522 590 402 77 733 930 376 717 97 82 412 195 401 804 758 809 673 380 484 749 452 912 17 522 308 433 342 769 873 379 265 609 660 395 866 994 432 685 726 840 635 427 353 413 965 292 68 176 731 792 752 68 726 214 242 132 104 606 196 337 764 603 635 692 66 2 895 900 174 472 145 318 52 750 
53 268 236 510 648 633 105 545 854 424 879 746 233 799 600 420 781 434 465 560 347 651 311 620 53 460 843 599 5 923 680 965 519 955 304 889 664 171 747 32 158 451 983 769 276 804 492 530 790 94 843 448 661 251 646 107 48 406 54 712 794 880 822 782 10 115 446 175 148 809 444 586 713 152 445 280 404 685 491 73 582 554 509 815 160 822 136 44 231 309 834 981 45 626 365 322 781 
51 3 262 917 526 111 364 123 985 450 110 53 373 969 540 185 411 5 288 143 280 670 142 540 812 297 108 884 929 961 233 9 565 148 340 220 411 813 49 865 638 762 613 662 325 361 321 365 322 406 422 816 998 825 336 486 777 204 200 499 492 68 940 40 882 153 912 687 274 706 350 673 626 766 78 381 554 285 237 499 691 281 455 487 886 199 656 162 383 140 606 938 524 736 650 392 640 749 
803 343 917 964 188 150 771 683 965 983 944 673 525 717 867 329 778 108 939 90 535 629 532 930 791 51 386 783 91 607 890 221 998 505 975 745 144 793 30 821 332 571 10 19 9 347 62 634 378 265 939 55 744 701 683 67 276 721 851 655 643 457 954 19 273 655 560 657 555 525 717 395 28 231 699 46 499 115 247 832 485 827 310 910 593 386 744 160 241 285 150 721 28 687 647 255 663 746 482 
152 839 980 37 235 333 715 831 967 170 693 223 643 912 294 693 63 328 381 99 763 573 606 514 344 27 825 851 656 252 706 153 730 939 261 431 891 915 472 893 933 517 535 426 407 263 590 584 360 412 701 240 921 37 565 646 878 398 590 195 564 414 24 172 793 678 2 206 802 131 307 406 949 851 99 948 564 145 484 950 397 294 530 30 315 434 70 545 981 217 209 968 787 758 917 834 511 876 559 896 
